4294967278,20
4294967278,19
4294967278,18
4294967278,26
4294967278,25
4294967278,24
4294967278,23
4294967278,22
4294967278,21
4294967279,2
4294967278,45
4294967278,44
4294967278,43
4294967278,42
4294967278,41
4294967278,40
4294967278,39
4294967278,38
4294967278,37
4294967278,36
4294967278,35
4294967278,34
4294967278,33
4294967278,32
4294967278,31
4294967278,30
4294967278,29
4294967278,28
4294967278,27
4294967279,88
4294967278,129
4294967278,127
4294967278,126
4294967278,125
4294967278,124
4294967278,120
4294967278,115
4294967278,113
4294967278,111
4294967278,108
4294967278,107
4294967278,106
4294967278,99
4294967278,98
4294967278,97
4294967278,96
4294967278,95
4294967278,91
4294967278,89
4294967278,87
4294967278,85
4294967278,82
4294967278,81
4294967278,78
4294967278,76
4294967278,72
4294967278,67
4294967278,65
4294967278,64
4294967278,63
4294967278,62
4294967278,380
4294967278,60
4294967278,372
4294967278,59
4294967278,58
4294967278,304
4294967278,57
4294967278,251
4294967278,56
4294967278,356
4294967278,55
4294967278,54
4294967278,53
4294967278,319
4294967278,52
4294967278,333
4294967278,51
4294967278,50
4294967278,387
4294967278,49
4294967278,447
4294967278,48
4294967278,47
4294967278,46
4294967278,260
4294967278,0
4294967278,346
4294967279,85
4294967279,539
4294967279,307
4294967279,311
4294967279,81
4294967279,550
4294967279,80
4294967279,79
4294967279,78
4294967279,76
4294967279,244
4294967279,75
4294967279,567
4294967279,74
4294967279,73
4294967279,72
4294967279,71
4294967279,319
4294967279,70
4294967279,545
4294967279,68
4294967279,66
4294967279,65
4294967279,64
4294967279,62
4294967279,287
4294967279,61
4294967279,306
4294967279,60
4294967279,59
4294967279,58
4294967279,57
4294967279,346
4294967279,55
4294967279,54
4294967279,323
4294967279,53
4294967279,226
4294967279,52
4294967279,50
4294967279,283
4294967279,49
4294967279,297
4294967279,48
4294967279,47
4294967279,533
4294967279,46
4294967279,566
4294967279,45
4294967279,44
4294967279,43
4294967279,42
4294967279,41
4294967279,332
4294967279,40
4294967279,331
4294967279,39
4294967279,38
4294967279,222
4294967279,37
4294967279,280
4294967279,36
4294967279,35
4294967279,34
4294967279,33
4294967279,32
4294967279,31
4294967279,296
4294967279,29
4294967279,295
4294967279,28
4294967279,308
4294967279,516
4294967279,26
4294967279,374
4294967279,218
4294967279,24
4294967279,288
4294967279,22
4294967279,216
4294967279,20
4294967279,357
4294967279,19
4294967279,266
4294967279,18
4294967279,292
4294967279,17
4294967279,260
4294967279,274
4294967279,15
4294967279,284
4294967279,14
4294967279,12
4294967279,11
4294967279,10
4294967279,9
4294967279,174
4294967279,7
4294967279,6
4294967279,4
4294967279,383
4294967279,360
4294967279,538
4294967279,16
4294967279,264
4294967279,263
4294967279,262
4294967279,261
4294967279,5
4294967279,320
4294967278,391
4294967279,253
4294967278,258
4294967278,257
4294967278,361
4294967278,122
4294967278,369
4294967279,359
4294967278,121
4294967278,306
4294967278,119
4294967278,392
4294967278,244
4294967278,242
587,5
4294967278,240
587,4
587,3
587,2
587,1
4294967279,358
4294967278,105
4294967278,112
4294967278,355
4294967278,390
4294967278,110
586,5
586,4
586,3
586,2
586,1
4294967278,347
4294967294,500
4294967294,115
4294967278,101
4294967278,437
4294967279,355
4294967278,86
4294967278,326
4294967278,94
4294967278,423
4294967278,255
584,5
584,4
4294967278,200
584,3
584,2
584,1
4294967278,321
4294967278,84
4294967278,345
4294967279,82
4294967294,396
4294967294,148
4294967294,407
4294967294,403
4294967294,406
4294967294,116
4294967294,463
4294967294,465
4294967294,119
4294967294,189
4294967279,352
4294967278,83
4294967278,376
4294967279,83
4294967279,354
583,7
4294967278,79
4294967278,419
4294967279,378
4294967278,77
4294967278,373
4294967279,188
4294967278,187
583,6
4294967278,186
583,5
583,4
583,3
583,2
583,1
4294967278,70
4294967278,225
4294967294,392
4294967294,390
4294967278,69
4294967278,414
4294967279,69
4294967278,68
4294967278,313
4294967279,350
4294967279,67
4294967278,252
4294967279,56
4294967279,278
4294967279,348
580,7
4294967278,249
4294967279,51
4294967279,286
4294967279,162
4294967278,388
4294967279,159
580,6
580,5
4294967279,157
580,4
580,3
580,2
580,1
4294967278,247
4294967294,387
4294967279,336
4294967279,152
4294967279,290
4294967279,150
4294967278,245
4294967279,145
4294967279,30
4294967294,107
4294967294,149
4294967294,419
4294967294,38
4294967294,36
4294967294,42
4294967294,41
4294967294,39
4294967294,45
4294967294,44
4294967294,998
4294967294,163
4294967294,162
4294967294,437
4294967279,139
4294967279,27
4294967279,272
577,8
4294967279,25
4294967294,53
4294967294,120
4294967279,302
4294967279,23
4294967279,353
4294967294,82
4294967279,21
4294967279,276
4294967279,270
4294967279,282
4294967279,267
577,7
577,6
577,5
577,4
